2100
(
6(0 1 4079 4121 4321 6421)
6(2 3 4122 4342 6442 0)
6(4 5 4123 4363 6463 2)
6(6 7 4124 4384 6484 4)
6(8 9 4125 4405 6505 6)
6(10 11 4126 4426 6526 8)
6(12 13 4127 4447 6547 10)
6(14 15 4128 4468 6568 12)
6(16 17 4129 4489 6589 14)
6(18 19 4130 4510 6610 16)
6(20 21 4131 4531 6631 18)
6(22 23 4132 4552 6652 20)
6(24 25 4133 4573 6673 22)
6(26 27 4134 4594 6694 24)
6(28 29 4135 4615 6715 26)
6(30 31 4136 4636 6736 28)
6(32 33 4137 4657 6757 30)
6(34 35 4138 4678 6778 32)
6(36 37 4139 4699 6799 34)
6(38 39 4140 4720 6820 36)
6(40 41 4141 4741 6841 38)
6(42 43 4142 4762 6862 40)
6(44 45 4143 4783 6883 42)
6(46 47 4144 4804 6904 44)
6(48 49 4145 4825 6925 46)
6(50 51 4146 4846 6946 48)
6(52 53 4147 4867 6967 50)
6(54 55 4148 4888 6988 52)
6(56 57 4149 4909 7009 54)
6(58 59 4150 4930 7030 56)
6(60 61 4151 4951 7051 58)
6(62 63 4152 4972 7072 60)
6(64 65 4153 4993 7093 62)
6(66 67 4154 5014 7114 64)
6(68 69 4155 5035 7135 66)
6(70 71 4156 5056 7156 68)
6(72 73 4157 5077 7177 70)
6(74 75 4158 5098 7198 72)
6(76 77 4159 5119 7219 74)
6(78 79 4160 5140 7240 76)
6(80 81 4161 5161 7261 78)
6(82 83 4162 5182 7282 80)
6(84 85 4163 5203 7303 82)
6(86 87 4164 5224 7324 84)
6(88 89 4165 5245 7345 86)
6(90 91 4166 5266 7366 88)
6(92 93 4167 5287 7387 90)
6(94 95 4168 5308 7408 92)
6(96 97 4169 5329 7429 94)
6(98 99 4170 5350 7450 96)
6(100 101 4171 5371 7471 98)
6(102 103 4172 5392 7492 100)
6(104 105 4173 5413 7513 102)
6(106 107 4174 5434 7534 104)
6(108 109 4175 5455 7555 106)
6(110 111 4176 5476 7576 108)
6(112 113 4177 5497 7597 110)
6(114 115 4178 5518 7618 112)
6(116 117 4179 5539 7639 114)
6(118 119 4180 5560 7660 116)
6(120 121 4181 5581 7681 118)
6(122 123 4182 5602 7702 120)
6(124 125 4183 5623 7723 122)
6(126 127 4184 5644 7744 124)
6(128 129 4185 5665 7765 126)
6(130 131 4186 5686 7786 128)
6(132 133 4187 5707 7807 130)
6(134 135 4188 5728 7828 132)
6(136 137 4189 5749 7849 134)
6(138 139 4190 5770 7870 136)
6(140 141 4191 5791 7891 138)
6(142 143 4192 5812 7912 140)
6(144 145 4193 5833 7933 142)
6(146 147 4194 5854 7954 144)
6(148 149 4195 5875 7975 146)
6(150 151 4196 5896 7996 148)
6(152 153 4197 5917 8017 150)
6(154 155 4198 5938 8038 152)
6(156 157 4199 5959 8059 154)
6(158 159 4200 5980 8080 156)
6(160 161 4201 6001 8101 158)
6(162 163 4202 6022 8122 160)
6(164 165 4203 6043 8143 162)
6(166 167 4204 6064 8164 164)
6(168 169 4205 6085 8185 166)
6(170 171 4206 6106 8206 168)
6(172 173 4207 6127 8227 170)
6(174 175 4208 6148 8248 172)
6(176 177 4209 6169 8269 174)
6(178 179 4210 6190 8290 176)
6(180 181 4211 6211 8311 178)
6(182 183 4212 6232 8332 180)
6(184 185 4213 6253 8353 182)
6(186 187 4214 6274 8374 184)
6(188 189 4215 6295 8395 186)
6(190 191 4216 6316 8416 188)
6(192 193 4217 6337 8437 190)
6(194 195 4218 6358 8458 192)
6(196 197 4219 6379 8479 194)
6(198 4100 4220 6400 8500 196)
6(199 200 4080 4322 6422 1)
6(201 202 4343 6443 3 199)
6(203 204 4364 6464 5 201)
6(205 206 4385 6485 7 203)
6(207 208 4406 6506 9 205)
6(209 210 4427 6527 11 207)
6(211 212 4448 6548 13 209)
6(213 214 4469 6569 15 211)
6(215 216 4490 6590 17 213)
6(217 218 4511 6611 19 215)
6(219 220 4532 6632 21 217)
6(221 222 4553 6653 23 219)
6(223 224 4574 6674 25 221)
6(225 226 4595 6695 27 223)
6(227 228 4616 6716 29 225)
6(229 230 4637 6737 31 227)
6(231 232 4658 6758 33 229)
6(233 234 4679 6779 35 231)
6(235 236 4700 6800 37 233)
6(237 238 4721 6821 39 235)
6(239 240 4742 6842 41 237)
6(241 242 4763 6863 43 239)
6(243 244 4784 6884 45 241)
6(245 246 4805 6905 47 243)
6(247 248 4826 6926 49 245)
6(249 250 4847 6947 51 247)
6(251 252 4868 6968 53 249)
6(253 254 4889 6989 55 251)
6(255 256 4910 7010 57 253)
6(257 258 4931 7031 59 255)
6(259 260 4952 7052 61 257)
6(261 262 4973 7073 63 259)
6(263 264 4994 7094 65 261)
6(265 266 5015 7115 67 263)
6(267 268 5036 7136 69 265)
6(269 270 5057 7157 71 267)
6(271 272 5078 7178 73 269)
6(273 274 5099 7199 75 271)
6(275 276 5120 7220 77 273)
6(277 278 5141 7241 79 275)
6(279 280 5162 7262 81 277)
6(281 282 5183 7283 83 279)
6(283 284 5204 7304 85 281)
6(285 286 5225 7325 87 283)
6(287 288 5246 7346 89 285)
6(289 290 5267 7367 91 287)
6(291 292 5288 7388 93 289)
6(293 294 5309 7409 95 291)
6(295 296 5330 7430 97 293)
6(297 298 5351 7451 99 295)
6(299 300 5372 7472 101 297)
6(301 302 5393 7493 103 299)
6(303 304 5414 7514 105 301)
6(305 306 5435 7535 107 303)
6(307 308 5456 7556 109 305)
6(309 310 5477 7577 111 307)
6(311 312 5498 7598 113 309)
6(313 314 5519 7619 115 311)
6(315 316 5540 7640 117 313)
6(317 318 5561 7661 119 315)
6(319 320 5582 7682 121 317)
6(321 322 5603 7703 123 319)
6(323 324 5624 7724 125 321)
6(325 326 5645 7745 127 323)
6(327 328 5666 7766 129 325)
6(329 330 5687 7787 131 327)
6(331 332 5708 7808 133 329)
6(333 334 5729 7829 135 331)
6(335 336 5750 7850 137 333)
6(337 338 5771 7871 139 335)
6(339 340 5792 7892 141 337)
6(341 342 5813 7913 143 339)
6(343 344 5834 7934 145 341)
6(345 346 5855 7955 147 343)
6(347 348 5876 7976 149 345)
6(349 350 5897 7997 151 347)
6(351 352 5918 8018 153 349)
6(353 354 5939 8039 155 351)
6(355 356 5960 8060 157 353)
6(357 358 5981 8081 159 355)
6(359 360 6002 8102 161 357)
6(361 362 6023 8123 163 359)
6(363 364 6044 8144 165 361)
6(365 366 6065 8165 167 363)
6(367 368 6086 8186 169 365)
6(369 370 6107 8207 171 367)
6(371 372 6128 8228 173 369)
6(373 374 6149 8249 175 371)
6(375 376 6170 8270 177 373)
6(377 378 6191 8291 179 375)
6(379 380 6212 8312 181 377)
6(381 382 6233 8333 183 379)
6(383 384 6254 8354 185 381)
6(385 386 6275 8375 187 383)
6(387 388 6296 8396 189 385)
6(389 390 6317 8417 191 387)
6(391 392 6338 8438 193 389)
6(393 394 6359 8459 195 391)
6(395 396 6380 8480 197 393)
6(397 4101 6401 8501 198 395)
6(398 399 4081 4323 6423 200)
6(400 401 4344 6444 202 398)
6(402 403 4365 6465 204 400)
6(404 405 4386 6486 206 402)
6(406 407 4407 6507 208 404)
6(408 409 4428 6528 210 406)
6(410 411 4449 6549 212 408)
6(412 413 4470 6570 214 410)
6(414 415 4491 6591 216 412)
6(416 417 4512 6612 218 414)
6(418 419 4533 6633 220 416)
6(420 421 4554 6654 222 418)
6(422 423 4575 6675 224 420)
6(424 425 4596 6696 226 422)
6(426 427 4617 6717 228 424)
6(428 429 4638 6738 230 426)
6(430 431 4659 6759 232 428)
6(432 433 4680 6780 234 430)
6(434 435 4701 6801 236 432)
6(436 437 4722 6822 238 434)
6(438 439 4743 6843 240 436)
6(440 441 4764 6864 242 438)
6(442 443 4785 6885 244 440)
6(444 445 4806 6906 246 442)
6(446 447 4827 6927 248 444)
6(448 449 4848 6948 250 446)
6(450 451 4869 6969 252 448)
6(452 453 4890 6990 254 450)
6(454 455 4911 7011 256 452)
6(456 457 4932 7032 258 454)
6(458 459 4953 7053 260 456)
6(460 461 4974 7074 262 458)
6(462 463 4995 7095 264 460)
6(464 465 5016 7116 266 462)
6(466 467 5037 7137 268 464)
6(468 469 5058 7158 270 466)
6(470 471 5079 7179 272 468)
6(472 473 5100 7200 274 470)
6(474 475 5121 7221 276 472)
6(476 477 5142 7242 278 474)
6(478 479 5163 7263 280 476)
6(480 481 5184 7284 282 478)
6(482 483 5205 7305 284 480)
6(484 485 5226 7326 286 482)
6(486 487 5247 7347 288 484)
6(488 489 5268 7368 290 486)
6(490 491 5289 7389 292 488)
6(492 493 5310 7410 294 490)
6(494 495 5331 7431 296 492)
6(496 497 5352 7452 298 494)
6(498 499 5373 7473 300 496)
6(500 501 5394 7494 302 498)
6(502 503 5415 7515 304 500)
6(504 505 5436 7536 306 502)
6(506 507 5457 7557 308 504)
6(508 509 5478 7578 310 506)
6(510 511 5499 7599 312 508)
6(512 513 5520 7620 314 510)
6(514 515 5541 7641 316 512)
6(516 517 5562 7662 318 514)
6(518 519 5583 7683 320 516)
6(520 521 5604 7704 322 518)
6(522 523 5625 7725 324 520)
6(524 525 5646 7746 326 522)
6(526 527 5667 7767 328 524)
6(528 529 5688 7788 330 526)
6(530 531 5709 7809 332 528)
6(532 533 5730 7830 334 530)
6(534 535 5751 7851 336 532)
6(536 537 5772 7872 338 534)
6(538 539 5793 7893 340 536)
6(540 541 5814 7914 342 538)
6(542 543 5835 7935 344 540)
6(544 545 5856 7956 346 542)
6(546 547 5877 7977 348 544)
6(548 549 5898 7998 350 546)
6(550 551 5919 8019 352 548)
6(552 553 5940 8040 354 550)
6(554 555 5961 8061 356 552)
6(556 557 5982 8082 358 554)
6(558 559 6003 8103 360 556)
6(560 561 6024 8124 362 558)
6(562 563 6045 8145 364 560)
6(564 565 6066 8166 366 562)
6(566 567 6087 8187 368 564)
6(568 569 6108 8208 370 566)
6(570 571 6129 8229 372 568)
6(572 573 6150 8250 374 570)
6(574 575 6171 8271 376 572)
6(576 577 6192 8292 378 574)
6(578 579 6213 8313 380 576)
6(580 581 6234 8334 382 578)
6(582 583 6255 8355 384 580)
6(584 585 6276 8376 386 582)
6(586 587 6297 8397 388 584)
6(588 589 6318 8418 390 586)
6(590 591 6339 8439 392 588)
6(592 593 6360 8460 394 590)
6(594 595 6381 8481 396 592)
6(596 4102 6402 8502 397 594)
6(597 598 4082 4324 6424 399)
6(599 600 4345 6445 401 597)
6(601 602 4366 6466 403 599)
6(603 604 4387 6487 405 601)
6(605 606 4408 6508 407 603)
6(607 608 4429 6529 409 605)
6(609 610 4450 6550 411 607)
6(611 612 4471 6571 413 609)
6(613 614 4492 6592 415 611)
6(615 616 4513 6613 417 613)
6(617 618 4534 6634 419 615)
6(619 620 4555 6655 421 617)
6(621 622 4576 6676 423 619)
6(623 624 4597 6697 425 621)
6(625 626 4618 6718 427 623)
6(627 628 4639 6739 429 625)
6(629 630 4660 6760 431 627)
6(631 632 4681 6781 433 629)
6(633 634 4702 6802 435 631)
6(635 636 4723 6823 437 633)
6(637 638 4744 6844 439 635)
6(639 640 4765 6865 441 637)
6(641 642 4786 6886 443 639)
6(643 644 4807 6907 445 641)
6(645 646 4828 6928 447 643)
6(647 648 4849 6949 449 645)
6(649 650 4870 6970 451 647)
6(651 652 4891 6991 453 649)
6(653 654 4912 7012 455 651)
6(655 656 4933 7033 457 653)
6(657 658 4954 7054 459 655)
6(659 660 4975 7075 461 657)
6(661 662 4996 7096 463 659)
6(663 664 5017 7117 465 661)
6(665 666 5038 7138 467 663)
6(667 668 5059 7159 469 665)
6(669 670 5080 7180 471 667)
6(671 672 5101 7201 473 669)
6(673 674 5122 7222 475 671)
6(675 676 5143 7243 477 673)
6(677 678 5164 7264 479 675)
6(679 680 5185 7285 481 677)
6(681 682 5206 7306 483 679)
6(683 684 5227 7327 485 681)
6(685 686 5248 7348 487 683)
6(687 688 5269 7369 489 685)
6(689 690 5290 7390 491 687)
6(691 692 5311 7411 493 689)
6(693 694 5332 7432 495 691)
6(695 696 5353 7453 497 693)
6(697 698 5374 7474 499 695)
6(699 700 5395 7495 501 697)
6(701 702 5416 7516 503 699)
6(703 704 5437 7537 505 701)
6(705 706 5458 7558 507 703)
6(707 708 5479 7579 509 705)
6(709 710 5500 7600 511 707)
6(711 712 5521 7621 513 709)
6(713 714 5542 7642 515 711)
6(715 716 5563 7663 517 713)
6(717 718 5584 7684 519 715)
6(719 720 5605 7705 521 717)
6(721 722 5626 7726 523 719)
6(723 724 5647 7747 525 721)
6(725 726 5668 7768 527 723)
6(727 728 5689 7789 529 725)
6(729 730 5710 7810 531 727)
6(731 732 5731 7831 533 729)
6(733 734 5752 7852 535 731)
6(735 736 5773 7873 537 733)
6(737 738 5794 7894 539 735)
6(739 740 5815 7915 541 737)
6(741 742 5836 7936 543 739)
6(743 744 5857 7957 545 741)
6(745 746 5878 7978 547 743)
6(747 748 5899 7999 549 745)
6(749 750 5920 8020 551 747)
6(751 752 5941 8041 553 749)
6(753 754 5962 8062 555 751)
6(755 756 5983 8083 557 753)
6(757 758 6004 8104 559 755)
6(759 760 6025 8125 561 757)
6(761 762 6046 8146 563 759)
6(763 764 6067 8167 565 761)
6(765 766 6088 8188 567 763)
6(767 768 6109 8209 569 765)
6(769 770 6130 8230 571 767)
6(771 772 6151 8251 573 769)
6(773 774 6172 8272 575 771)
6(775 776 6193 8293 577 773)
6(777 778 6214 8314 579 775)
6(779 780 6235 8335 581 777)
6(781 782 6256 8356 583 779)
6(783 784 6277 8377 585 781)
6(785 786 6298 8398 587 783)
6(787 788 6319 8419 589 785)
6(789 790 6340 8440 591 787)
6(791 792 6361 8461 593 789)
6(793 794 6382 8482 595 791)
6(795 4103 6403 8503 596 793)
6(796 797 4083 4325 6425 598)
6(798 799 4346 6446 600 796)
6(800 801 4367 6467 602 798)
6(802 803 4388 6488 604 800)
6(804 805 4409 6509 606 802)
6(806 807 4430 6530 608 804)
6(808 809 4451 6551 610 806)
6(810 811 4472 6572 612 808)
6(812 813 4493 6593 614 810)
6(814 815 4514 6614 616 812)
6(816 817 4535 6635 618 814)
6(818 819 4556 6656 620 816)
6(820 821 4577 6677 622 818)
6(822 823 4598 6698 624 820)
6(824 825 4619 6719 626 822)
6(826 827 4640 6740 628 824)
6(828 829 4661 6761 630 826)
6(830 831 4682 6782 632 828)
6(832 833 4703 6803 634 830)
6(834 835 4724 6824 636 832)
6(836 837 4745 6845 638 834)
6(838 839 4766 6866 640 836)
6(840 841 4787 6887 642 838)
6(842 843 4808 6908 644 840)
6(844 845 4829 6929 646 842)
6(846 847 4850 6950 648 844)
6(848 849 4871 6971 650 846)
6(850 851 4892 6992 652 848)
6(852 853 4913 7013 654 850)
6(854 855 4934 7034 656 852)
6(856 857 4955 7055 658 854)
6(858 859 4976 7076 660 856)
6(860 861 4997 7097 662 858)
6(862 863 5018 7118 664 860)
6(864 865 5039 7139 666 862)
6(866 867 5060 7160 668 864)
6(868 869 5081 7181 670 866)
6(870 871 5102 7202 672 868)
6(872 873 5123 7223 674 870)
6(874 875 5144 7244 676 872)
6(876 877 5165 7265 678 874)
6(878 879 5186 7286 680 876)
6(880 881 5207 7307 682 878)
6(882 883 5228 7328 684 880)
6(884 885 5249 7349 686 882)
6(886 887 5270 7370 688 884)
6(888 889 5291 7391 690 886)
6(890 891 5312 7412 692 888)
6(892 893 5333 7433 694 890)
6(894 895 5354 7454 696 892)
6(896 897 5375 7475 698 894)
6(898 899 5396 7496 700 896)
6(900 901 5417 7517 702 898)
6(902 903 5438 7538 704 900)
6(904 905 5459 7559 706 902)
6(906 907 5480 7580 708 904)
6(908 909 5501 7601 710 906)
6(910 911 5522 7622 712 908)
6(912 913 5543 7643 714 910)
6(914 915 5564 7664 716 912)
6(916 917 5585 7685 718 914)
6(918 919 5606 7706 720 916)
6(920 921 5627 7727 722 918)
6(922 923 5648 7748 724 920)
6(924 925 5669 7769 726 922)
6(926 927 5690 7790 728 924)
6(928 929 5711 7811 730 926)
6(930 931 5732 7832 732 928)
6(932 933 5753 7853 734 930)
6(934 935 5774 7874 736 932)
6(936 937 5795 7895 738 934)
6(938 939 5816 7916 740 936)
6(940 941 5837 7937 742 938)
6(942 943 5858 7958 744 940)
6(944 945 5879 7979 746 942)
6(946 947 5900 8000 748 944)
6(948 949 5921 8021 750 946)
6(950 951 5942 8042 752 948)
6(952 953 5963 8063 754 950)
6(954 955 5984 8084 756 952)
6(956 957 6005 8105 758 954)
6(958 959 6026 8126 760 956)
6(960 961 6047 8147 762 958)
6(962 963 6068 8168 764 960)
6(964 965 6089 8189 766 962)
6(966 967 6110 8210 768 964)
6(968 969 6131 8231 770 966)
6(970 971 6152 8252 772 968)
6(972 973 6173 8273 774 970)
6(974 975 6194 8294 776 972)
6(976 977 6215 8315 778 974)
6(978 979 6236 8336 780 976)
6(980 981 6257 8357 782 978)
6(982 983 6278 8378 784 980)
6(984 985 6299 8399 786 982)
6(986 987 6320 8420 788 984)
6(988 989 6341 8441 790 986)
6(990 991 6362 8462 792 988)
6(992 993 6383 8483 794 990)
6(994 4104 6404 8504 795 992)
6(995 996 4084 4326 6426 797)
6(997 998 4347 6447 799 995)
6(999 1000 4368 6468 801 997)
6(1001 1002 4389 6489 803 999)
6(1003 1004 4410 6510 805 1001)
6(1005 1006 4431 6531 807 1003)
6(1007 1008 4452 6552 809 1005)
6(1009 1010 4473 6573 811 1007)
6(1011 1012 4494 6594 813 1009)
6(1013 1014 4515 6615 815 1011)
6(1015 1016 4536 6636 817 1013)
6(1017 1018 4557 6657 819 1015)
6(1019 1020 4578 6678 821 1017)
6(1021 1022 4599 6699 823 1019)
6(1023 1024 4620 6720 825 1021)
6(1025 1026 4641 6741 827 1023)
6(1027 1028 4662 6762 829 1025)
6(1029 1030 4683 6783 831 1027)
6(1031 1032 4704 6804 833 1029)
6(1033 1034 4725 6825 835 1031)
6(1035 1036 4746 6846 837 1033)
6(1037 1038 4767 6867 839 1035)
6(1039 1040 4788 6888 841 1037)
6(1041 1042 4809 6909 843 1039)
6(1043 1044 4830 6930 845 1041)
6(1045 1046 4851 6951 847 1043)
6(1047 1048 4872 6972 849 1045)
6(1049 1050 4893 6993 851 1047)
6(1051 1052 4914 7014 853 1049)
6(1053 1054 4935 7035 855 1051)
6(1055 1056 4956 7056 857 1053)
6(1057 1058 4977 7077 859 1055)
6(1059 1060 4998 7098 861 1057)
6(1061 1062 5019 7119 863 1059)
6(1063 1064 5040 7140 865 1061)
6(1065 1066 5061 7161 867 1063)
6(1067 1068 5082 7182 869 1065)
6(1069 1070 5103 7203 871 1067)
6(1071 1072 5124 7224 873 1069)
6(1073 1074 5145 7245 875 1071)
6(1075 1076 5166 7266 877 1073)
6(1077 1078 5187 7287 879 1075)
6(1079 1080 5208 7308 881 1077)
6(1081 1082 5229 7329 883 1079)
6(1083 1084 5250 7350 885 1081)
6(1085 1086 5271 7371 887 1083)
6(1087 1088 5292 7392 889 1085)
6(1089 1090 5313 7413 891 1087)
6(1091 1092 5334 7434 893 1089)
6(1093 1094 5355 7455 895 1091)
6(1095 1096 5376 7476 897 1093)
6(1097 1098 5397 7497 899 1095)
6(1099 1100 5418 7518 901 1097)
6(1101 1102 5439 7539 903 1099)
6(1103 1104 5460 7560 905 1101)
6(1105 1106 5481 7581 907 1103)
6(1107 1108 5502 7602 909 1105)
6(1109 1110 5523 7623 911 1107)
6(1111 1112 5544 7644 913 1109)
6(1113 1114 5565 7665 915 1111)
6(1115 1116 5586 7686 917 1113)
6(1117 1118 5607 7707 919 1115)
6(1119 1120 5628 7728 921 1117)
6(1121 1122 5649 7749 923 1119)
6(1123 1124 5670 7770 925 1121)
6(1125 1126 5691 7791 927 1123)
6(1127 1128 5712 7812 929 1125)
6(1129 1130 5733 7833 931 1127)
6(1131 1132 5754 7854 933 1129)
6(1133 1134 5775 7875 935 1131)
6(1135 1136 5796 7896 937 1133)
6(1137 1138 5817 7917 939 1135)
6(1139 1140 5838 7938 941 1137)
6(1141 1142 5859 7959 943 1139)
6(1143 1144 5880 7980 945 1141)
6(1145 1146 5901 8001 947 1143)
6(1147 1148 5922 8022 949 1145)
6(1149 1150 5943 8043 951 1147)
6(1151 1152 5964 8064 953 1149)
6(1153 1154 5985 8085 955 1151)
6(1155 1156 6006 8106 957 1153)
6(1157 1158 6027 8127 959 1155)
6(1159 1160 6048 8148 961 1157)
6(1161 1162 6069 8169 963 1159)
6(1163 1164 6090 8190 965 1161)
6(1165 1166 6111 8211 967 1163)
6(1167 1168 6132 8232 969 1165)
6(1169 1170 6153 8253 971 1167)
6(1171 1172 6174 8274 973 1169)
6(1173 1174 6195 8295 975 1171)
6(1175 1176 6216 8316 977 1173)
6(1177 1178 6237 8337 979 1175)
6(1179 1180 6258 8358 981 1177)
6(1181 1182 6279 8379 983 1179)
6(1183 1184 6300 8400 985 1181)
6(1185 1186 6321 8421 987 1183)
6(1187 1188 6342 8442 989 1185)
6(1189 1190 6363 8463 991 1187)
6(1191 1192 6384 8484 993 1189)
6(1193 4105 6405 8505 994 1191)
6(1194 1195 4085 4327 6427 996)
6(1196 1197 4348 6448 998 1194)
6(1198 1199 4369 6469 1000 1196)
6(1200 1201 4390 6490 1002 1198)
6(1202 1203 4411 6511 1004 1200)
6(1204 1205 4432 6532 1006 1202)
6(1206 1207 4453 6553 1008 1204)
6(1208 1209 4474 6574 1010 1206)
6(1210 1211 4495 6595 1012 1208)
6(1212 1213 4516 6616 1014 1210)
6(1214 1215 4537 6637 1016 1212)
6(1216 1217 4558 6658 1018 1214)
6(1218 1219 4579 6679 1020 1216)
6(1220 1221 4600 6700 1022 1218)
6(1222 1223 4621 6721 1024 1220)
6(1224 1225 4642 6742 1026 1222)
6(1226 1227 4663 6763 1028 1224)
6(1228 1229 4684 6784 1030 1226)
6(1230 1231 4705 6805 1032 1228)
6(1232 1233 4726 6826 1034 1230)
6(1234 1235 4747 6847 1036 1232)
6(1236 1237 4768 6868 1038 1234)
6(1238 1239 4789 6889 1040 1236)
6(1240 1241 4810 6910 1042 1238)
6(1242 1243 4831 6931 1044 1240)
6(1244 1245 4852 6952 1046 1242)
6(1246 1247 4873 6973 1048 1244)
6(1248 1249 4894 6994 1050 1246)
6(1250 1251 4915 7015 1052 1248)
6(1252 1253 4936 7036 1054 1250)
6(1254 1255 4957 7057 1056 1252)
6(1256 1257 4978 7078 1058 1254)
6(1258 1259 4999 7099 1060 1256)
6(1260 1261 5020 7120 1062 1258)
6(1262 1263 5041 7141 1064 1260)
6(1264 1265 5062 7162 1066 1262)
6(1266 1267 5083 7183 1068 1264)
6(1268 1269 5104 7204 1070 1266)
6(1270 1271 5125 7225 1072 1268)
6(1272 1273 5146 7246 1074 1270)
6(1274 1275 5167 7267 1076 1272)
6(1276 1277 5188 7288 1078 1274)
6(1278 1279 5209 7309 1080 1276)
6(1280 1281 5230 7330 1082 1278)
6(1282 1283 5251 7351 1084 1280)
6(1284 1285 5272 7372 1086 1282)
6(1286 1287 5293 7393 1088 1284)
6(1288 1289 5314 7414 1090 1286)
6(1290 1291 5335 7435 1092 1288)
6(1292 1293 5356 7456 1094 1290)
6(1294 1295 5377 7477 1096 1292)
6(1296 1297 5398 7498 1098 1294)
6(1298 1299 5419 7519 1100 1296)
6(1300 1301 5440 7540 1102 1298)
6(1302 1303 5461 7561 1104 1300)
6(1304 1305 5482 7582 1106 1302)
6(1306 1307 5503 7603 1108 1304)
6(1308 1309 5524 7624 1110 1306)
6(1310 1311 5545 7645 1112 1308)
6(1312 1313 5566 7666 1114 1310)
6(1314 1315 5587 7687 1116 1312)
6(1316 1317 5608 7708 1118 1314)
6(1318 1319 5629 7729 1120 1316)
6(1320 1321 5650 7750 1122 1318)
6(1322 1323 5671 7771 1124 1320)
6(1324 1325 5692 7792 1126 1322)
6(1326 1327 5713 7813 1128 1324)
6(1328 1329 5734 7834 1130 1326)
6(1330 1331 5755 7855 1132 1328)
6(1332 1333 5776 7876 1134 1330)
6(1334 1335 5797 7897 1136 1332)
6(1336 1337 5818 7918 1138 1334)
6(1338 1339 5839 7939 1140 1336)
6(1340 1341 5860 7960 1142 1338)
6(1342 1343 5881 7981 1144 1340)
6(1344 1345 5902 8002 1146 1342)
6(1346 1347 5923 8023 1148 1344)
6(1348 1349 5944 8044 1150 1346)
6(1350 1351 5965 8065 1152 1348)
6(1352 1353 5986 8086 1154 1350)
6(1354 1355 6007 8107 1156 1352)
6(1356 1357 6028 8128 1158 1354)
6(1358 1359 6049 8149 1160 1356)
6(1360 1361 6070 8170 1162 1358)
6(1362 1363 6091 8191 1164 1360)
6(1364 1365 6112 8212 1166 1362)
6(1366 1367 6133 8233 1168 1364)
6(1368 1369 6154 8254 1170 1366)
6(1370 1371 6175 8275 1172 1368)
6(1372 1373 6196 8296 1174 1370)
6(1374 1375 6217 8317 1176 1372)
6(1376 1377 6238 8338 1178 1374)
6(1378 1379 6259 8359 1180 1376)
6(1380 1381 6280 8380 1182 1378)
6(1382 1383 6301 8401 1184 1380)
6(1384 1385 6322 8422 1186 1382)
6(1386 1387 6343 8443 1188 1384)
6(1388 1389 6364 8464 1190 1386)
6(1390 1391 6385 8485 1192 1388)
6(1392 4106 6406 8506 1193 1390)
6(1393 1394 4086 4328 6428 1195)
6(1395 1396 4349 6449 1197 1393)
6(1397 1398 4370 6470 1199 1395)
6(1399 1400 4391 6491 1201 1397)
6(1401 1402 4412 6512 1203 1399)
6(1403 1404 4433 6533 1205 1401)
6(1405 1406 4454 6554 1207 1403)
6(1407 1408 4475 6575 1209 1405)
6(1409 1410 4496 6596 1211 1407)
6(1411 1412 4517 6617 1213 1409)
6(1413 1414 4538 6638 1215 1411)
6(1415 1416 4559 6659 1217 1413)
6(1417 1418 4580 6680 1219 1415)
6(1419 1420 4601 6701 1221 1417)
6(1421 1422 4622 6722 1223 1419)
6(1423 1424 4643 6743 1225 1421)
6(1425 1426 4664 6764 1227 1423)
6(1427 1428 4685 6785 1229 1425)
6(1429 1430 4706 6806 1231 1427)
6(1431 1432 4727 6827 1233 1429)
6(1433 1434 4748 6848 1235 1431)
6(1435 1436 4769 6869 1237 1433)
6(1437 1438 4790 6890 1239 1435)
6(1439 1440 4811 6911 1241 1437)
6(1441 1442 4832 6932 1243 1439)
6(1443 1444 4853 6953 1245 1441)
6(1445 1446 4874 6974 1247 1443)
6(1447 1448 4895 6995 1249 1445)
6(1449 1450 4916 7016 1251 1447)
6(1451 1452 4937 7037 1253 1449)
6(1453 1454 4958 7058 1255 1451)
6(1455 1456 4979 7079 1257 1453)
6(1457 1458 5000 7100 1259 1455)
6(1459 1460 5021 7121 1261 1457)
6(1461 1462 5042 7142 1263 1459)
6(1463 1464 5063 7163 1265 1461)
6(1465 1466 5084 7184 1267 1463)
6(1467 1468 5105 7205 1269 1465)
6(1469 1470 5126 7226 1271 1467)
6(1471 1472 5147 7247 1273 1469)
6(1473 1474 5168 7268 1275 1471)
6(1475 1476 5189 7289 1277 1473)
6(1477 1478 5210 7310 1279 1475)
6(1479 1480 5231 7331 1281 1477)
6(1481 1482 5252 7352 1283 1479)
6(1483 1484 5273 7373 1285 1481)
6(1485 1486 5294 7394 1287 1483)
6(1487 1488 5315 7415 1289 1485)
6(1489 1490 5336 7436 1291 1487)
6(1491 1492 5357 7457 1293 1489)
6(1493 1494 5378 7478 1295 1491)
6(1495 1496 5399 7499 1297 1493)
6(1497 1498 5420 7520 1299 1495)
6(1499 1500 5441 7541 1301 1497)
6(1501 1502 5462 7562 1303 1499)
6(1503 1504 5483 7583 1305 1501)
6(1505 1506 5504 7604 1307 1503)
6(1507 1508 5525 7625 1309 1505)
6(1509 1510 5546 7646 1311 1507)
6(1511 1512 5567 7667 1313 1509)
6(1513 1514 5588 7688 1315 1511)
6(1515 1516 5609 7709 1317 1513)
6(1517 1518 5630 7730 1319 1515)
6(1519 1520 5651 7751 1321 1517)
6(1521 1522 5672 7772 1323 1519)
6(1523 1524 5693 7793 1325 1521)
6(1525 1526 5714 7814 1327 1523)
6(1527 1528 5735 7835 1329 1525)
6(1529 1530 5756 7856 1331 1527)
6(1531 1532 5777 7877 1333 1529)
6(1533 1534 5798 7898 1335 1531)
6(1535 1536 5819 7919 1337 1533)
6(1537 1538 5840 7940 1339 1535)
6(1539 1540 5861 7961 1341 1537)
6(1541 1542 5882 7982 1343 1539)
6(1543 1544 5903 8003 1345 1541)
6(1545 1546 5924 8024 1347 1543)
6(1547 1548 5945 8045 1349 1545)
6(1549 1550 5966 8066 1351 1547)
6(1551 1552 5987 8087 1353 1549)
6(1553 1554 6008 8108 1355 1551)
6(1555 1556 6029 8129 1357 1553)
6(1557 1558 6050 8150 1359 1555)
6(1559 1560 6071 8171 1361 1557)
6(1561 1562 6092 8192 1363 1559)
6(1563 1564 6113 8213 1365 1561)
6(1565 1566 6134 8234 1367 1563)
6(1567 1568 6155 8255 1369 1565)
6(1569 1570 6176 8276 1371 1567)
6(1571 1572 6197 8297 1373 1569)
6(1573 1574 6218 8318 1375 1571)
6(1575 1576 6239 8339 1377 1573)
6(1577 1578 6260 8360 1379 1575)
6(1579 1580 6281 8381 1381 1577)
6(1581 1582 6302 8402 1383 1579)
6(1583 1584 6323 8423 1385 1581)
6(1585 1586 6344 8444 1387 1583)
6(1587 1588 6365 8465 1389 1585)
6(1589 1590 6386 8486 1391 1587)
6(1591 4107 6407 8507 1392 1589)
6(1592 1593 4087 4329 6429 1394)
6(1594 1595 4350 6450 1396 1592)
6(1596 1597 4371 6471 1398 1594)
6(1598 1599 4392 6492 1400 1596)
6(1600 1601 4413 6513 1402 1598)
6(1602 1603 4434 6534 1404 1600)
6(1604 1605 4455 6555 1406 1602)
6(1606 1607 4476 6576 1408 1604)
6(1608 1609 4497 6597 1410 1606)
6(1610 1611 4518 6618 1412 1608)
6(1612 1613 4539 6639 1414 1610)
6(1614 1615 4560 6660 1416 1612)
6(1616 1617 4581 6681 1418 1614)
6(1618 1619 4602 6702 1420 1616)
6(1620 1621 4623 6723 1422 1618)
6(1622 1623 4644 6744 1424 1620)
6(1624 1625 4665 6765 1426 1622)
6(1626 1627 4686 6786 1428 1624)
6(1628 1629 4707 6807 1430 1626)
6(1630 1631 4728 6828 1432 1628)
6(1632 1633 4749 6849 1434 1630)
6(1634 1635 4770 6870 1436 1632)
6(1636 1637 4791 6891 1438 1634)
6(1638 1639 4812 6912 1440 1636)
6(1640 1641 4833 6933 1442 1638)
6(1642 1643 4854 6954 1444 1640)
6(1644 1645 4875 6975 1446 1642)
6(1646 1647 4896 6996 1448 1644)
6(1648 1649 4917 7017 1450 1646)
6(1650 1651 4938 7038 1452 1648)
6(1652 1653 4959 7059 1454 1650)
6(1654 1655 4980 7080 1456 1652)
6(1656 1657 5001 7101 1458 1654)
6(1658 1659 5022 7122 1460 1656)
6(1660 1661 5043 7143 1462 1658)
6(1662 1663 5064 7164 1464 1660)
6(1664 1665 5085 7185 1466 1662)
6(1666 1667 5106 7206 1468 1664)
6(1668 1669 5127 7227 1470 1666)
6(1670 1671 5148 7248 1472 1668)
6(1672 1673 5169 7269 1474 1670)
6(1674 1675 5190 7290 1476 1672)
6(1676 1677 5211 7311 1478 1674)
6(1678 1679 5232 7332 1480 1676)
6(1680 1681 5253 7353 1482 1678)
6(1682 1683 5274 7374 1484 1680)
6(1684 1685 5295 7395 1486 1682)
6(1686 1687 5316 7416 1488 1684)
6(1688 1689 5337 7437 1490 1686)
6(1690 1691 5358 7458 1492 1688)
6(1692 1693 5379 7479 1494 1690)
6(1694 1695 5400 7500 1496 1692)
6(1696 1697 5421 7521 1498 1694)
6(1698 1699 5442 7542 1500 1696)
6(1700 1701 5463 7563 1502 1698)
6(1702 1703 5484 7584 1504 1700)
6(1704 1705 5505 7605 1506 1702)
6(1706 1707 5526 7626 1508 1704)
6(1708 1709 5547 7647 1510 1706)
6(1710 1711 5568 7668 1512 1708)
6(1712 1713 5589 7689 1514 1710)
6(1714 1715 5610 7710 1516 1712)
6(1716 1717 5631 7731 1518 1714)
6(1718 1719 5652 7752 1520 1716)
6(1720 1721 5673 7773 1522 1718)
6(1722 1723 5694 7794 1524 1720)
6(1724 1725 5715 7815 1526 1722)
6(1726 1727 5736 7836 1528 1724)
6(1728 1729 5757 7857 1530 1726)
6(1730 1731 5778 7878 1532 1728)
6(1732 1733 5799 7899 1534 1730)
6(1734 1735 5820 7920 1536 1732)
6(1736 1737 5841 7941 1538 1734)
6(1738 1739 5862 7962 1540 1736)
6(1740 1741 5883 7983 1542 1738)
6(1742 1743 5904 8004 1544 1740)
6(1744 1745 5925 8025 1546 1742)
6(1746 1747 5946 8046 1548 1744)
6(1748 1749 5967 8067 1550 1746)
6(1750 1751 5988 8088 1552 1748)
6(1752 1753 6009 8109 1554 1750)
6(1754 1755 6030 8130 1556 1752)
6(1756 1757 6051 8151 1558 1754)
6(1758 1759 6072 8172 1560 1756)
6(1760 1761 6093 8193 1562 1758)
6(1762 1763 6114 8214 1564 1760)
6(1764 1765 6135 8235 1566 1762)
6(1766 1767 6156 8256 1568 1764)
6(1768 1769 6177 8277 1570 1766)
6(1770 1771 6198 8298 1572 1768)
6(1772 1773 6219 8319 1574 1770)
6(1774 1775 6240 8340 1576 1772)
6(1776 1777 6261 8361 1578 1774)
6(1778 1779 6282 8382 1580 1776)
6(1780 1781 6303 8403 1582 1778)
6(1782 1783 6324 8424 1584 1780)
6(1784 1785 6345 8445 1586 1782)
6(1786 1787 6366 8466 1588 1784)
6(1788 1789 6387 8487 1590 1786)
6(1790 4108 6408 8508 1591 1788)
6(1791 1792 4088 4330 6430 1593)
6(1793 1794 4351 6451 1595 1791)
6(1795 1796 4372 6472 1597 1793)
6(1797 1798 4393 6493 1599 1795)
6(1799 1800 4414 6514 1601 1797)
6(1801 1802 4435 6535 1603 1799)
6(1803 1804 4456 6556 1605 1801)
6(1805 1806 4477 6577 1607 1803)
6(1807 1808 4498 6598 1609 1805)
6(1809 1810 4519 6619 1611 1807)
6(1811 1812 4540 6640 1613 1809)
6(1813 1814 4561 6661 1615 1811)
6(1815 1816 4582 6682 1617 1813)
6(1817 1818 4603 6703 1619 1815)
6(1819 1820 4624 6724 1621 1817)
6(1821 1822 4645 6745 1623 1819)
6(1823 1824 4666 6766 1625 1821)
6(1825 1826 4687 6787 1627 1823)
6(1827 1828 4708 6808 1629 1825)
6(1829 1830 4729 6829 1631 1827)
6(1831 1832 4750 6850 1633 1829)
6(1833 1834 4771 6871 1635 1831)
6(1835 1836 4792 6892 1637 1833)
6(1837 1838 4813 6913 1639 1835)
6(1839 1840 4834 6934 1641 1837)
6(1841 1842 4855 6955 1643 1839)
6(1843 1844 4876 6976 1645 1841)
6(1845 1846 4897 6997 1647 1843)
6(1847 1848 4918 7018 1649 1845)
6(1849 1850 4939 7039 1651 1847)
6(1851 1852 4960 7060 1653 1849)
6(1853 1854 4981 7081 1655 1851)
6(1855 1856 5002 7102 1657 1853)
6(1857 1858 5023 7123 1659 1855)
6(1859 1860 5044 7144 1661 1857)
6(1861 1862 5065 7165 1663 1859)
6(1863 1864 5086 7186 1665 1861)
6(1865 1866 5107 7207 1667 1863)
6(1867 1868 5128 7228 1669 1865)
6(1869 1870 5149 7249 1671 1867)
6(1871 1872 5170 7270 1673 1869)
6(1873 1874 5191 7291 1675 1871)
6(1875 1876 5212 7312 1677 1873)
6(1877 1878 5233 7333 1679 1875)
6(1879 1880 5254 7354 1681 1877)
6(1881 1882 5275 7375 1683 1879)
6(1883 1884 5296 7396 1685 1881)
6(1885 1886 5317 7417 1687 1883)
6(1887 1888 5338 7438 1689 1885)
6(1889 1890 5359 7459 1691 1887)
6(1891 1892 5380 7480 1693 1889)
6(1893 1894 5401 7501 1695 1891)
6(1895 1896 5422 7522 1697 1893)
6(1897 1898 5443 7543 1699 1895)
6(1899 1900 5464 7564 1701 1897)
6(1901 1902 5485 7585 1703 1899)
6(1903 1904 5506 7606 1705 1901)
6(1905 1906 5527 7627 1707 1903)
6(1907 1908 5548 7648 1709 1905)
6(1909 1910 5569 7669 1711 1907)
6(1911 1912 5590 7690 1713 1909)
6(1913 1914 5611 7711 1715 1911)
6(1915 1916 5632 7732 1717 1913)
6(1917 1918 5653 7753 1719 1915)
6(1919 1920 5674 7774 1721 1917)
6(1921 1922 5695 7795 1723 1919)
6(1923 1924 5716 7816 1725 1921)
6(1925 1926 5737 7837 1727 1923)
6(1927 1928 5758 7858 1729 1925)
6(1929 1930 5779 7879 1731 1927)
6(1931 1932 5800 7900 1733 1929)
6(1933 1934 5821 7921 1735 1931)
6(1935 1936 5842 7942 1737 1933)
6(1937 1938 5863 7963 1739 1935)
6(1939 1940 5884 7984 1741 1937)
6(1941 1942 5905 8005 1743 1939)
6(1943 1944 5926 8026 1745 1941)
6(1945 1946 5947 8047 1747 1943)
6(1947 1948 5968 8068 1749 1945)
6(1949 1950 5989 8089 1751 1947)
6(1951 1952 6010 8110 1753 1949)
6(1953 1954 6031 8131 1755 1951)
6(1955 1956 6052 8152 1757 1953)
6(1957 1958 6073 8173 1759 1955)
6(1959 1960 6094 8194 1761 1957)
6(1961 1962 6115 8215 1763 1959)
6(1963 1964 6136 8236 1765 1961)
6(1965 1966 6157 8257 1767 1963)
6(1967 1968 6178 8278 1769 1965)
6(1969 1970 6199 8299 1771 1967)
6(1971 1972 6220 8320 1773 1969)
6(1973 1974 6241 8341 1775 1971)
6(1975 1976 6262 8362 1777 1973)
6(1977 1978 6283 8383 1779 1975)
6(1979 1980 6304 8404 1781 1977)
6(1981 1982 6325 8425 1783 1979)
6(1983 1984 6346 8446 1785 1981)
6(1985 1986 6367 8467 1787 1983)
6(1987 1988 6388 8488 1789 1985)
6(1989 4109 6409 8509 1790 1987)
6(1990 1991 4089 4331 6431 1792)
6(1992 1993 4352 6452 1794 1990)
6(1994 1995 4373 6473 1796 1992)
6(1996 1997 4394 6494 1798 1994)
6(1998 1999 4415 6515 1800 1996)
6(2000 2001 4436 6536 1802 1998)
6(2002 2003 4457 6557 1804 2000)
6(2004 2005 4478 6578 1806 2002)
6(2006 2007 4499 6599 1808 2004)
6(2008 2009 4520 6620 1810 2006)
6(2010 2011 4541 6641 1812 2008)
6(2012 2013 4562 6662 1814 2010)
6(2014 2015 4583 6683 1816 2012)
6(2016 2017 4604 6704 1818 2014)
6(2018 2019 4625 6725 1820 2016)
6(2020 2021 4646 6746 1822 2018)
6(2022 2023 4667 6767 1824 2020)
6(2024 2025 4688 6788 1826 2022)
6(2026 2027 4709 6809 1828 2024)
6(2028 2029 4730 6830 1830 2026)
6(2030 2031 4751 6851 1832 2028)
6(2032 2033 4772 6872 1834 2030)
6(2034 2035 4793 6893 1836 2032)
6(2036 2037 4814 6914 1838 2034)
6(2038 2039 4835 6935 1840 2036)
6(2040 2041 4856 6956 1842 2038)
6(2042 2043 4877 6977 1844 2040)
6(2044 2045 4898 6998 1846 2042)
6(2046 2047 4919 7019 1848 2044)
6(2048 2049 4940 7040 1850 2046)
6(2050 2051 4961 7061 1852 2048)
6(2052 2053 4982 7082 1854 2050)
6(2054 2055 5003 7103 1856 2052)
6(2056 2057 5024 7124 1858 2054)
6(2058 2059 5045 7145 1860 2056)
6(2060 2061 5066 7166 1862 2058)
6(2062 2063 5087 7187 1864 2060)
6(2064 2065 5108 7208 1866 2062)
6(2066 2067 5129 7229 1868 2064)
6(2068 2069 5150 7250 1870 2066)
6(2070 2071 5171 7271 1872 2068)
6(2072 2073 5192 7292 1874 2070)
6(2074 2075 5213 7313 1876 2072)
6(2076 2077 5234 7334 1878 2074)
6(2078 2079 5255 7355 1880 2076)
6(2080 2081 5276 7376 1882 2078)
6(2082 2083 5297 7397 1884 2080)
6(2084 2085 5318 7418 1886 2082)
6(2086 2087 5339 7439 1888 2084)
6(2088 2089 5360 7460 1890 2086)
6(2090 2091 5381 7481 1892 2088)
6(2092 2093 5402 7502 1894 2090)
6(2094 2095 5423 7523 1896 2092)
6(2096 2097 5444 7544 1898 2094)
6(2098 2099 5465 7565 1900 2096)
6(2100 2101 5486 7586 1902 2098)
6(2102 2103 5507 7607 1904 2100)
6(2104 2105 5528 7628 1906 2102)
6(2106 2107 5549 7649 1908 2104)
6(2108 2109 5570 7670 1910 2106)
6(2110 2111 5591 7691 1912 2108)
6(2112 2113 5612 7712 1914 2110)
6(2114 2115 5633 7733 1916 2112)
6(2116 2117 5654 7754 1918 2114)
6(2118 2119 5675 7775 1920 2116)
6(2120 2121 5696 7796 1922 2118)
6(2122 2123 5717 7817 1924 2120)
6(2124 2125 5738 7838 1926 2122)
6(2126 2127 5759 7859 1928 2124)
6(2128 2129 5780 7880 1930 2126)
6(2130 2131 5801 7901 1932 2128)
6(2132 2133 5822 7922 1934 2130)
6(2134 2135 5843 7943 1936 2132)
6(2136 2137 5864 7964 1938 2134)
6(2138 2139 5885 7985 1940 2136)
6(2140 2141 5906 8006 1942 2138)
6(2142 2143 5927 8027 1944 2140)
6(2144 2145 5948 8048 1946 2142)
6(2146 2147 5969 8069 1948 2144)
6(2148 2149 5990 8090 1950 2146)
6(2150 2151 6011 8111 1952 2148)
6(2152 2153 6032 8132 1954 2150)
6(2154 2155 6053 8153 1956 2152)
6(2156 2157 6074 8174 1958 2154)
6(2158 2159 6095 8195 1960 2156)
6(2160 2161 6116 8216 1962 2158)
6(2162 2163 6137 8237 1964 2160)
6(2164 2165 6158 8258 1966 2162)
6(2166 2167 6179 8279 1968 2164)
6(2168 2169 6200 8300 1970 2166)
6(2170 2171 6221 8321 1972 2168)
6(2172 2173 6242 8342 1974 2170)
6(2174 2175 6263 8363 1976 2172)
6(2176 2177 6284 8384 1978 2174)
6(2178 2179 6305 8405 1980 2176)
6(2180 2181 6326 8426 1982 2178)
6(2182 2183 6347 8447 1984 2180)
6(2184 2185 6368 8468 1986 2182)
6(2186 2187 6389 8489 1988 2184)
6(2188 4110 6410 8510 1989 2186)
6(2189 2190 4090 4332 6432 1991)
6(2191 2192 4353 6453 1993 2189)
6(2193 2194 4374 6474 1995 2191)
6(2195 2196 4395 6495 1997 2193)
6(2197 2198 4416 6516 1999 2195)
6(2199 2200 4437 6537 2001 2197)
6(2201 2202 4458 6558 2003 2199)
6(2203 2204 4479 6579 2005 2201)
6(2205 2206 4500 6600 2007 2203)
6(2207 2208 4521 6621 2009 2205)
6(2209 2210 4542 6642 2011 2207)
6(2211 2212 4563 6663 2013 2209)
6(2213 2214 4584 6684 2015 2211)
6(2215 2216 4605 6705 2017 2213)
6(2217 2218 4626 6726 2019 2215)
6(2219 2220 4647 6747 2021 2217)
6(2221 2222 4668 6768 2023 2219)
6(2223 2224 4689 6789 2025 2221)
6(2225 2226 4710 6810 2027 2223)
6(2227 2228 4731 6831 2029 2225)
6(2229 2230 4752 6852 2031 2227)
6(2231 2232 4773 6873 2033 2229)
6(2233 2234 4794 6894 2035 2231)
6(2235 2236 4815 6915 2037 2233)
6(2237 2238 4836 6936 2039 2235)
6(2239 2240 4857 6957 2041 2237)
6(2241 2242 4878 6978 2043 2239)
6(2243 2244 4899 6999 2045 2241)
6(2245 2246 4920 7020 2047 2243)
6(2247 2248 4941 7041 2049 2245)
6(2249 2250 4962 7062 2051 2247)
6(2251 2252 4983 7083 2053 2249)
6(2253 2254 5004 7104 2055 2251)
6(2255 2256 5025 7125 2057 2253)
6(2257 2258 5046 7146 2059 2255)
6(2259 2260 5067 7167 2061 2257)
6(2261 2262 5088 7188 2063 2259)
6(2263 2264 5109 7209 2065 2261)
6(2265 2266 5130 7230 2067 2263)
6(2267 2268 5151 7251 2069 2265)
6(2269 2270 5172 7272 2071 2267)
6(2271 2272 5193 7293 2073 2269)
6(2273 2274 5214 7314 2075 2271)
6(2275 2276 5235 7335 2077 2273)
6(2277 2278 5256 7356 2079 2275)
6(2279 2280 5277 7377 2081 2277)
6(2281 2282 5298 7398 2083 2279)
6(2283 2284 5319 7419 2085 2281)
6(2285 2286 5340 7440 2087 2283)
6(2287 2288 5361 7461 2089 2285)
6(2289 2290 5382 7482 2091 2287)
6(2291 2292 5403 7503 2093 2289)
6(2293 2294 5424 7524 2095 2291)
6(2295 2296 5445 7545 2097 2293)
6(2297 2298 5466 7566 2099 2295)
6(2299 2300 5487 7587 2101 2297)
6(2301 2302 5508 7608 2103 2299)
6(2303 2304 5529 7629 2105 2301)
6(2305 2306 5550 7650 2107 2303)
6(2307 2308 5571 7671 2109 2305)
6(2309 2310 5592 7692 2111 2307)
6(2311 2312 5613 7713 2113 2309)
6(2313 2314 5634 7734 2115 2311)
6(2315 2316 5655 7755 2117 2313)
6(2317 2318 5676 7776 2119 2315)
6(2319 2320 5697 7797 2121 2317)
6(2321 2322 5718 7818 2123 2319)
6(2323 2324 5739 7839 2125 2321)
6(2325 2326 5760 7860 2127 2323)
6(2327 2328 5781 7881 2129 2325)
6(2329 2330 5802 7902 2131 2327)
6(2331 2332 5823 7923 2133 2329)
6(2333 2334 5844 7944 2135 2331)
6(2335 2336 5865 7965 2137 2333)
6(2337 2338 5886 7986 2139 2335)
6(2339 2340 5907 8007 2141 2337)
6(2341 2342 5928 8028 2143 2339)
6(2343 2344 5949 8049 2145 2341)
6(2345 2346 5970 8070 2147 2343)
6(2347 2348 5991 8091 2149 2345)
6(2349 2350 6012 8112 2151 2347)
6(2351 2352 6033 8133 2153 2349)
6(2353 2354 6054 8154 2155 2351)
6(2355 2356 6075 8175 2157 2353)
6(2357 2358 6096 8196 2159 2355)
6(2359 2360 6117 8217 2161 2357)
6(2361 2362 6138 8238 2163 2359)
6(2363 2364 6159 8259 2165 2361)
6(2365 2366 6180 8280 2167 2363)
6(2367 2368 6201 8301 2169 2365)
6(2369 2370 6222 8322 2171 2367)
6(2371 2372 6243 8343 2173 2369)
6(2373 2374 6264 8364 2175 2371)
6(2375 2376 6285 8385 2177 2373)
6(2377 2378 6306 8406 2179 2375)
6(2379 2380 6327 8427 2181 2377)
6(2381 2382 6348 8448 2183 2379)
6(2383 2384 6369 8469 2185 2381)
6(2385 2386 6390 8490 2187 2383)
6(2387 4111 6411 8511 2188 2385)
6(2388 2389 4091 4333 6433 2190)
6(2390 2391 4354 6454 2192 2388)
6(2392 2393 4375 6475 2194 2390)
6(2394 2395 4396 6496 2196 2392)
6(2396 2397 4417 6517 2198 2394)
6(2398 2399 4438 6538 2200 2396)
6(2400 2401 4459 6559 2202 2398)
6(2402 2403 4480 6580 2204 2400)
6(2404 2405 4501 6601 2206 2402)
6(2406 2407 4522 6622 2208 2404)
6(2408 2409 4543 6643 2210 2406)
6(2410 2411 4564 6664 2212 2408)
6(2412 2413 4585 6685 2214 2410)
6(2414 2415 4606 6706 2216 2412)
6(2416 2417 4627 6727 2218 2414)
6(2418 2419 4648 6748 2220 2416)
6(2420 2421 4669 6769 2222 2418)
6(2422 2423 4690 6790 2224 2420)
6(2424 2425 4711 6811 2226 2422)
6(2426 2427 4732 6832 2228 2424)
6(2428 2429 4753 6853 2230 2426)
6(2430 2431 4774 6874 2232 2428)
6(2432 2433 4795 6895 2234 2430)
6(2434 2435 4816 6916 2236 2432)
6(2436 2437 4837 6937 2238 2434)
6(2438 2439 4858 6958 2240 2436)
6(2440 2441 4879 6979 2242 2438)
6(2442 2443 4900 7000 2244 2440)
6(2444 2445 4921 7021 2246 2442)
6(2446 2447 4942 7042 2248 2444)
6(2448 2449 4963 7063 2250 2446)
6(2450 2451 4984 7084 2252 2448)
6(2452 2453 5005 7105 2254 2450)
6(2454 2455 5026 7126 2256 2452)
6(2456 2457 5047 7147 2258 2454)
6(2458 2459 5068 7168 2260 2456)
6(2460 2461 5089 7189 2262 2458)
6(2462 2463 5110 7210 2264 2460)
6(2464 2465 5131 7231 2266 2462)
6(2466 2467 5152 7252 2268 2464)
6(2468 2469 5173 7273 2270 2466)
6(2470 2471 5194 7294 2272 2468)
6(2472 2473 5215 7315 2274 2470)
6(2474 2475 5236 7336 2276 2472)
6(2476 2477 5257 7357 2278 2474)
6(2478 2479 5278 7378 2280 2476)
6(2480 2481 5299 7399 2282 2478)
6(2482 2483 5320 7420 2284 2480)
6(2484 2485 5341 7441 2286 2482)
6(2486 2487 5362 7462 2288 2484)
6(2488 2489 5383 7483 2290 2486)
6(2490 2491 5404 7504 2292 2488)
6(2492 2493 5425 7525 2294 2490)
6(2494 2495 5446 7546 2296 2492)
6(2496 2497 5467 7567 2298 2494)
6(2498 2499 5488 7588 2300 2496)
6(2500 2501 5509 7609 2302 2498)
6(2502 2503 5530 7630 2304 2500)
6(2504 2505 5551 7651 2306 2502)
6(2506 2507 5572 7672 2308 2504)
6(2508 2509 5593 7693 2310 2506)
6(2510 2511 5614 7714 2312 2508)
6(2512 2513 5635 7735 2314 2510)
6(2514 2515 5656 7756 2316 2512)
6(2516 2517 5677 7777 2318 2514)
6(2518 2519 5698 7798 2320 2516)
6(2520 2521 5719 7819 2322 2518)
6(2522 2523 5740 7840 2324 2520)
6(2524 2525 5761 7861 2326 2522)
6(2526 2527 5782 7882 2328 2524)
6(2528 2529 5803 7903 2330 2526)
6(2530 2531 5824 7924 2332 2528)
6(2532 2533 5845 7945 2334 2530)
6(2534 2535 5866 7966 2336 2532)
6(2536 2537 5887 7987 2338 2534)
6(2538 2539 5908 8008 2340 2536)
6(2540 2541 5929 8029 2342 2538)
6(2542 2543 5950 8050 2344 2540)
6(2544 2545 5971 8071 2346 2542)
6(2546 2547 5992 8092 2348 2544)
6(2548 2549 6013 8113 2350 2546)
6(2550 2551 6034 8134 2352 2548)
6(2552 2553 6055 8155 2354 2550)
6(2554 2555 6076 8176 2356 2552)
6(2556 2557 6097 8197 2358 2554)
6(2558 2559 6118 8218 2360 2556)
6(2560 2561 6139 8239 2362 2558)
6(2562 2563 6160 8260 2364 2560)
6(2564 2565 6181 8281 2366 2562)
6(2566 2567 6202 8302 2368 2564)
6(2568 2569 6223 8323 2370 2566)
6(2570 2571 6244 8344 2372 2568)
6(2572 2573 6265 8365 2374 2570)
6(2574 2575 6286 8386 2376 2572)
6(2576 2577 6307 8407 2378 2574)
6(2578 2579 6328 8428 2380 2576)
6(2580 2581 6349 8449 2382 2578)
6(2582 2583 6370 8470 2384 2580)
6(2584 2585 6391 8491 2386 2582)
6(2586 4112 6412 8512 2387 2584)
6(2587 2588 4092 4334 6434 2389)
6(2589 2590 4355 6455 2391 2587)
6(2591 2592 4376 6476 2393 2589)
6(2593 2594 4397 6497 2395 2591)
6(2595 2596 4418 6518 2397 2593)
6(2597 2598 4439 6539 2399 2595)
6(2599 2600 4460 6560 2401 2597)
6(2601 2602 4481 6581 2403 2599)
6(2603 2604 4502 6602 2405 2601)
6(2605 2606 4523 6623 2407 2603)
6(2607 2608 4544 6644 2409 2605)
6(2609 2610 4565 6665 2411 2607)
6(2611 2612 4586 6686 2413 2609)
6(2613 2614 4607 6707 2415 2611)
6(2615 2616 4628 6728 2417 2613)
6(2617 2618 4649 6749 2419 2615)
6(2619 2620 4670 6770 2421 2617)
6(2621 2622 4691 6791 2423 2619)
6(2623 2624 4712 6812 2425 2621)
6(2625 2626 4733 6833 2427 2623)
6(2627 2628 4754 6854 2429 2625)
6(2629 2630 4775 6875 2431 2627)
6(2631 2632 4796 6896 2433 2629)
6(2633 2634 4817 6917 2435 2631)
6(2635 2636 4838 6938 2437 2633)
6(2637 2638 4859 6959 2439 2635)
6(2639 2640 4880 6980 2441 2637)
6(2641 2642 4901 7001 2443 2639)
6(2643 2644 4922 7022 2445 2641)
6(2645 2646 4943 7043 2447 2643)
6(2647 2648 4964 7064 2449 2645)
6(2649 2650 4985 7085 2451 2647)
6(2651 2652 5006 7106 2453 2649)
6(2653 2654 5027 7127 2455 2651)
6(2655 2656 5048 7148 2457 2653)
6(2657 2658 5069 7169 2459 2655)
6(2659 2660 5090 7190 2461 2657)
6(2661 2662 5111 7211 2463 2659)
6(2663 2664 5132 7232 2465 2661)
6(2665 2666 5153 7253 2467 2663)
6(2667 2668 5174 7274 2469 2665)
6(2669 2670 5195 7295 2471 2667)
6(2671 2672 5216 7316 2473 2669)
6(2673 2674 5237 7337 2475 2671)
6(2675 2676 5258 7358 2477 2673)
6(2677 2678 5279 7379 2479 2675)
6(2679 2680 5300 7400 2481 2677)
6(2681 2682 5321 7421 2483 2679)
6(2683 2684 5342 7442 2485 2681)
6(2685 2686 5363 7463 2487 2683)
6(2687 2688 5384 7484 2489 2685)
6(2689 2690 5405 7505 2491 2687)
6(2691 2692 5426 7526 2493 2689)
6(2693 2694 5447 7547 2495 2691)
6(2695 2696 5468 7568 2497 2693)
6(2697 2698 5489 7589 2499 2695)
6(2699 2700 5510 7610 2501 2697)
6(2701 2702 5531 7631 2503 2699)
6(2703 2704 5552 7652 2505 2701)
6(2705 2706 5573 7673 2507 2703)
6(2707 2708 5594 7694 2509 2705)
6(2709 2710 5615 7715 2511 2707)
6(2711 2712 5636 7736 2513 2709)
6(2713 2714 5657 7757 2515 2711)
6(2715 2716 5678 7778 2517 2713)
6(2717 2718 5699 7799 2519 2715)
6(2719 2720 5720 7820 2521 2717)
6(2721 2722 5741 7841 2523 2719)
6(2723 2724 5762 7862 2525 2721)
6(2725 2726 5783 7883 2527 2723)
6(2727 2728 5804 7904 2529 2725)
6(2729 2730 5825 7925 2531 2727)
6(2731 2732 5846 7946 2533 2729)
6(2733 2734 5867 7967 2535 2731)
6(2735 2736 5888 7988 2537 2733)
6(2737 2738 5909 8009 2539 2735)
6(2739 2740 5930 8030 2541 2737)
6(2741 2742 5951 8051 2543 2739)
6(2743 2744 5972 8072 2545 2741)
6(2745 2746 5993 8093 2547 2743)
6(2747 2748 6014 8114 2549 2745)
6(2749 2750 6035 8135 2551 2747)
6(2751 2752 6056 8156 2553 2749)
6(2753 2754 6077 8177 2555 2751)
6(2755 2756 6098 8198 2557 2753)
6(2757 2758 6119 8219 2559 2755)
6(2759 2760 6140 8240 2561 2757)
6(2761 2762 6161 8261 2563 2759)
6(2763 2764 6182 8282 2565 2761)
6(2765 2766 6203 8303 2567 2763)
6(2767 2768 6224 8324 2569 2765)
6(2769 2770 6245 8345 2571 2767)
6(2771 2772 6266 8366 2573 2769)
6(2773 2774 6287 8387 2575 2771)
6(2775 2776 6308 8408 2577 2773)
6(2777 2778 6329 8429 2579 2775)
6(2779 2780 6350 8450 2581 2777)
6(2781 2782 6371 8471 2583 2779)
6(2783 2784 6392 8492 2585 2781)
6(2785 4113 6413 8513 2586 2783)
6(2786 2787 4093 4335 6435 2588)
6(2788 2789 4356 6456 2590 2786)
6(2790 2791 4377 6477 2592 2788)
6(2792 2793 4398 6498 2594 2790)
6(2794 2795 4419 6519 2596 2792)
6(2796 2797 4440 6540 2598 2794)
6(2798 2799 4461 6561 2600 2796)
6(2800 2801 4482 6582 2602 2798)
6(2802 2803 4503 6603 2604 2800)
6(2804 2805 4524 6624 2606 2802)
6(2806 2807 4545 6645 2608 2804)
6(2808 2809 4566 6666 2610 2806)
6(2810 2811 4587 6687 2612 2808)
6(2812 2813 4608 6708 2614 2810)
6(2814 2815 4629 6729 2616 2812)
6(2816 2817 4650 6750 2618 2814)
6(2818 2819 4671 6771 2620 2816)
6(2820 2821 4692 6792 2622 2818)
6(2822 2823 4713 6813 2624 2820)
6(2824 2825 4734 6834 2626 2822)
6(2826 2827 4755 6855 2628 2824)
6(2828 2829 4776 6876 2630 2826)
6(2830 2831 4797 6897 2632 2828)
6(2832 2833 4818 6918 2634 2830)
6(2834 2835 4839 6939 2636 2832)
6(2836 2837 4860 6960 2638 2834)
6(2838 2839 4881 6981 2640 2836)
6(2840 2841 4902 7002 2642 2838)
6(2842 2843 4923 7023 2644 2840)
6(2844 2845 4944 7044 2646 2842)
6(2846 2847 4965 7065 2648 2844)
6(2848 2849 4986 7086 2650 2846)
6(2850 2851 5007 7107 2652 2848)
6(2852 2853 5028 7128 2654 2850)
6(2854 2855 5049 7149 2656 2852)
6(2856 2857 5070 7170 2658 2854)
6(2858 2859 5091 7191 2660 2856)
6(2860 2861 5112 7212 2662 2858)
6(2862 2863 5133 7233 2664 2860)
6(2864 2865 5154 7254 2666 2862)
6(2866 2867 5175 7275 2668 2864)
6(2868 2869 5196 7296 2670 2866)
6(2870 2871 5217 7317 2672 2868)
6(2872 2873 5238 7338 2674 2870)
6(2874 2875 5259 7359 2676 2872)
6(2876 2877 5280 7380 2678 2874)
6(2878 2879 5301 7401 2680 2876)
6(2880 2881 5322 7422 2682 2878)
6(2882 2883 5343 7443 2684 2880)
6(2884 2885 5364 7464 2686 2882)
6(2886 2887 5385 7485 2688 2884)
6(2888 2889 5406 7506 2690 2886)
6(2890 2891 5427 7527 2692 2888)
6(2892 2893 5448 7548 2694 2890)
6(2894 2895 5469 7569 2696 2892)
6(2896 2897 5490 7590 2698 2894)
6(2898 2899 5511 7611 2700 2896)
6(2900 2901 5532 7632 2702 2898)
6(2902 2903 5553 7653 2704 2900)
6(2904 2905 5574 7674 2706 2902)
6(2906 2907 5595 7695 2708 2904)
6(2908 2909 5616 7716 2710 2906)
6(2910 2911 5637 7737 2712 2908)
6(2912 2913 5658 7758 2714 2910)
6(2914 2915 5679 7779 2716 2912)
6(2916 2917 5700 7800 2718 2914)
6(2918 2919 5721 7821 2720 2916)
6(2920 2921 5742 7842 2722 2918)
6(2922 2923 5763 7863 2724 2920)
6(2924 2925 5784 7884 2726 2922)
6(2926 2927 5805 7905 2728 2924)
6(2928 2929 5826 7926 2730 2926)
6(2930 2931 5847 7947 2732 2928)
6(2932 2933 5868 7968 2734 2930)
6(2934 2935 5889 7989 2736 2932)
6(2936 2937 5910 8010 2738 2934)
6(2938 2939 5931 8031 2740 2936)
6(2940 2941 5952 8052 2742 2938)
6(2942 2943 5973 8073 2744 2940)
6(2944 2945 5994 8094 2746 2942)
6(2946 2947 6015 8115 2748 2944)
6(2948 2949 6036 8136 2750 2946)
6(2950 2951 6057 8157 2752 2948)
6(2952 2953 6078 8178 2754 2950)
6(2954 2955 6099 8199 2756 2952)
6(2956 2957 6120 8220 2758 2954)
6(2958 2959 6141 8241 2760 2956)
6(2960 2961 6162 8262 2762 2958)
6(2962 2963 6183 8283 2764 2960)
6(2964 2965 6204 8304 2766 2962)
6(2966 2967 6225 8325 2768 2964)
6(2968 2969 6246 8346 2770 2966)
6(2970 2971 6267 8367 2772 2968)
6(2972 2973 6288 8388 2774 2970)
6(2974 2975 6309 8409 2776 2972)
6(2976 2977 6330 8430 2778 2974)
6(2978 2979 6351 8451 2780 2976)
6(2980 2981 6372 8472 2782 2978)
6(2982 2983 6393 8493 2784 2980)
6(2984 4114 6414 8514 2785 2982)
6(2985 2986 4094 4336 6436 2787)
6(2987 2988 4357 6457 2789 2985)
6(2989 2990 4378 6478 2791 2987)
6(2991 2992 4399 6499 2793 2989)
6(2993 2994 4420 6520 2795 2991)
6(2995 2996 4441 6541 2797 2993)
6(2997 2998 4462 6562 2799 2995)
6(2999 3000 4483 6583 2801 2997)
6(3001 3002 4504 6604 2803 2999)
6(3003 3004 4525 6625 2805 3001)
6(3005 3006 4546 6646 2807 3003)
6(3007 3008 4567 6667 2809 3005)
6(3009 3010 4588 6688 2811 3007)
6(3011 3012 4609 6709 2813 3009)
6(3013 3014 4630 6730 2815 3011)
6(3015 3016 4651 6751 2817 3013)
6(3017 3018 4672 6772 2819 3015)
6(3019 3020 4693 6793 2821 3017)
6(3021 3022 4714 6814 2823 3019)
6(3023 3024 4735 6835 2825 3021)
6(3025 3026 4756 6856 2827 3023)
6(3027 3028 4777 6877 2829 3025)
6(3029 3030 4798 6898 2831 3027)
6(3031 3032 4819 6919 2833 3029)
6(3033 3034 4840 6940 2835 3031)
6(3035 3036 4861 6961 2837 3033)
6(3037 3038 4882 6982 2839 3035)
6(3039 3040 4903 7003 2841 3037)
6(3041 3042 4924 7024 2843 3039)
6(3043 3044 4945 7045 2845 3041)
6(3045 3046 4966 7066 2847 3043)
6(3047 3048 4987 7087 2849 3045)
6(3049 3050 5008 7108 2851 3047)
6(3051 3052 5029 7129 2853 3049)
6(3053 3054 5050 7150 2855 3051)
6(3055 3056 5071 7171 2857 3053)
6(3057 3058 5092 7192 2859 3055)
6(3059 3060 5113 7213 2861 3057)
6(3061 3062 5134 7234 2863 3059)
6(3063 3064 5155 7255 2865 3061)
6(3065 3066 5176 7276 2867 3063)
6(3067 3068 5197 7297 2869 3065)
6(3069 3070 5218 7318 2871 3067)
6(3071 3072 5239 7339 2873 3069)
6(3073 3074 5260 7360 2875 3071)
6(3075 3076 5281 7381 2877 3073)
6(3077 3078 5302 7402 2879 3075)
6(3079 3080 5323 7423 2881 3077)
6(3081 3082 5344 7444 2883 3079)
6(3083 3084 5365 7465 2885 3081)
6(3085 3086 5386 7486 2887 3083)
6(3087 3088 5407 7507 2889 3085)
6(3089 3090 5428 7528 2891 3087)
6(3091 3092 5449 7549 2893 3089)
6(3093 3094 5470 7570 2895 3091)
6(3095 3096 5491 7591 2897 3093)
6(3097 3098 5512 7612 2899 3095)
6(3099 3100 5533 7633 2901 3097)
6(3101 3102 5554 7654 2903 3099)
6(3103 3104 5575 7675 2905 3101)
6(3105 3106 5596 7696 2907 3103)
6(3107 3108 5617 7717 2909 3105)
6(3109 3110 5638 7738 2911 3107)
6(3111 3112 5659 7759 2913 3109)
6(3113 3114 5680 7780 2915 3111)
6(3115 3116 5701 7801 2917 3113)
6(3117 3118 5722 7822 2919 3115)
6(3119 3120 5743 7843 2921 3117)
6(3121 3122 5764 7864 2923 3119)
6(3123 3124 5785 7885 2925 3121)
6(3125 3126 5806 7906 2927 3123)
6(3127 3128 5827 7927 2929 3125)
6(3129 3130 5848 7948 2931 3127)
6(3131 3132 5869 7969 2933 3129)
6(3133 3134 5890 7990 2935 3131)
6(3135 3136 5911 8011 2937 3133)
6(3137 3138 5932 8032 2939 3135)
6(3139 3140 5953 8053 2941 3137)
6(3141 3142 5974 8074 2943 3139)
6(3143 3144 5995 8095 2945 3141)
6(3145 3146 6016 8116 2947 3143)
6(3147 3148 6037 8137 2949 3145)
6(3149 3150 6058 8158 2951 3147)
6(3151 3152 6079 8179 2953 3149)
6(3153 3154 6100 8200 2955 3151)
6(3155 3156 6121 8221 2957 3153)
6(3157 3158 6142 8242 2959 3155)
6(3159 3160 6163 8263 2961 3157)
6(3161 3162 6184 8284 2963 3159)
6(3163 3164 6205 8305 2965 3161)
6(3165 3166 6226 8326 2967 3163)
6(3167 3168 6247 8347 2969 3165)
6(3169 3170 6268 8368 2971 3167)
6(3171 3172 6289 8389 2973 3169)
6(3173 3174 6310 8410 2975 3171)
6(3175 3176 6331 8431 2977 3173)
6(3177 3178 6352 8452 2979 3175)
6(3179 3180 6373 8473 2981 3177)
6(3181 3182 6394 8494 2983 3179)
6(3183 4115 6415 8515 2984 3181)
6(3184 3185 4095 4337 6437 2986)
6(3186 3187 4358 6458 2988 3184)
6(3188 3189 4379 6479 2990 3186)
6(3190 3191 4400 6500 2992 3188)
6(3192 3193 4421 6521 2994 3190)
6(3194 3195 4442 6542 2996 3192)
6(3196 3197 4463 6563 2998 3194)
6(3198 3199 4484 6584 3000 3196)
6(3200 3201 4505 6605 3002 3198)
6(3202 3203 4526 6626 3004 3200)
6(3204 3205 4547 6647 3006 3202)
6(3206 3207 4568 6668 3008 3204)
6(3208 3209 4589 6689 3010 3206)
6(3210 3211 4610 6710 3012 3208)
6(3212 3213 4631 6731 3014 3210)
6(3214 3215 4652 6752 3016 3212)
6(3216 3217 4673 6773 3018 3214)
6(3218 3219 4694 6794 3020 3216)
6(3220 3221 4715 6815 3022 3218)
6(3222 3223 4736 6836 3024 3220)
6(3224 3225 4757 6857 3026 3222)
6(3226 3227 4778 6878 3028 3224)
6(3228 3229 4799 6899 3030 3226)
6(3230 3231 4820 6920 3032 3228)
6(3232 3233 4841 6941 3034 3230)
6(3234 3235 4862 6962 3036 3232)
6(3236 3237 4883 6983 3038 3234)
6(3238 3239 4904 7004 3040 3236)
6(3240 3241 4925 7025 3042 3238)
6(3242 3243 4946 7046 3044 3240)
6(3244 3245 4967 7067 3046 3242)
6(3246 3247 4988 7088 3048 3244)
6(3248 3249 5009 7109 3050 3246)
6(3250 3251 5030 7130 3052 3248)
6(3252 3253 5051 7151 3054 3250)
6(3254 3255 5072 7172 3056 3252)
6(3256 3257 5093 7193 3058 3254)
6(3258 3259 5114 7214 3060 3256)
6(3260 3261 5135 7235 3062 3258)
6(3262 3263 5156 7256 3064 3260)
6(3264 3265 5177 7277 3066 3262)
6(3266 3267 5198 7298 3068 3264)
6(3268 3269 5219 7319 3070 3266)
6(3270 3271 5240 7340 3072 3268)
6(3272 3273 5261 7361 3074 3270)
6(3274 3275 5282 7382 3076 3272)
6(3276 3277 5303 7403 3078 3274)
6(3278 3279 5324 7424 3080 3276)
6(3280 3281 5345 7445 3082 3278)
6(3282 3283 5366 7466 3084 3280)
6(3284 3285 5387 7487 3086 3282)
6(3286 3287 5408 7508 3088 3284)
6(3288 3289 5429 7529 3090 3286)
6(3290 3291 5450 7550 3092 3288)
6(3292 3293 5471 7571 3094 3290)
6(3294 3295 5492 7592 3096 3292)
6(3296 3297 5513 7613 3098 3294)
6(3298 3299 5534 7634 3100 3296)
6(3300 3301 5555 7655 3102 3298)
6(3302 3303 5576 7676 3104 3300)
6(3304 3305 5597 7697 3106 3302)
6(3306 3307 5618 7718 3108 3304)
6(3308 3309 5639 7739 3110 3306)
6(3310 3311 5660 7760 3112 3308)
6(3312 3313 5681 7781 3114 3310)
6(3314 3315 5702 7802 3116 3312)
6(3316 3317 5723 7823 3118 3314)
6(3318 3319 5744 7844 3120 3316)
6(3320 3321 5765 7865 3122 3318)
6(3322 3323 5786 7886 3124 3320)
6(3324 3325 5807 7907 3126 3322)
6(3326 3327 5828 7928 3128 3324)
6(3328 3329 5849 7949 3130 3326)
6(3330 3331 5870 7970 3132 3328)
6(3332 3333 5891 7991 3134 3330)
6(3334 3335 5912 8012 3136 3332)
6(3336 3337 5933 8033 3138 3334)
6(3338 3339 5954 8054 3140 3336)
6(3340 3341 5975 8075 3142 3338)
6(3342 3343 5996 8096 3144 3340)
6(3344 3345 6017 8117 3146 3342)
6(3346 3347 6038 8138 3148 3344)
6(3348 3349 6059 8159 3150 3346)
6(3350 3351 6080 8180 3152 3348)
6(3352 3353 6101 8201 3154 3350)
6(3354 3355 6122 8222 3156 3352)
6(3356 3357 6143 8243 3158 3354)
6(3358 3359 6164 8264 3160 3356)
6(3360 3361 6185 8285 3162 3358)
6(3362 3363 6206 8306 3164 3360)
6(3364 3365 6227 8327 3166 3362)
6(3366 3367 6248 8348 3168 3364)
6(3368 3369 6269 8369 3170 3366)
6(3370 3371 6290 8390 3172 3368)
6(3372 3373 6311 8411 3174 3370)
6(3374 3375 6332 8432 3176 3372)
6(3376 3377 6353 8453 3178 3374)
6(3378 3379 6374 8474 3180 3376)
6(3380 3381 6395 8495 3182 3378)
6(3382 4116 6416 8516 3183 3380)
6(3383 3384 4096 4338 6438 3185)
6(3385 3386 4359 6459 3187 3383)
6(3387 3388 4380 6480 3189 3385)
6(3389 3390 4401 6501 3191 3387)
6(3391 3392 4422 6522 3193 3389)
6(3393 3394 4443 6543 3195 3391)
6(3395 3396 4464 6564 3197 3393)
6(3397 3398 4485 6585 3199 3395)
6(3399 3400 4506 6606 3201 3397)
6(3401 3402 4527 6627 3203 3399)
6(3403 3404 4548 6648 3205 3401)
6(3405 3406 4569 6669 3207 3403)
6(3407 3408 4590 6690 3209 3405)
6(3409 3410 4611 6711 3211 3407)
6(3411 3412 4632 6732 3213 3409)
6(3413 3414 4653 6753 3215 3411)
6(3415 3416 4674 6774 3217 3413)
6(3417 3418 4695 6795 3219 3415)
6(3419 3420 4716 6816 3221 3417)
6(3421 3422 4737 6837 3223 3419)
6(3423 3424 4758 6858 3225 3421)
6(3425 3426 4779 6879 3227 3423)
6(3427 3428 4800 6900 3229 3425)
6(3429 3430 4821 6921 3231 3427)
6(3431 3432 4842 6942 3233 3429)
6(3433 3434 4863 6963 3235 3431)
6(3435 3436 4884 6984 3237 3433)
6(3437 3438 4905 7005 3239 3435)
6(3439 3440 4926 7026 3241 3437)
6(3441 3442 4947 7047 3243 3439)
6(3443 3444 4968 7068 3245 3441)
6(3445 3446 4989 7089 3247 3443)
6(3447 3448 5010 7110 3249 3445)
6(3449 3450 5031 7131 3251 3447)
6(3451 3452 5052 7152 3253 3449)
6(3453 3454 5073 7173 3255 3451)
6(3455 3456 5094 7194 3257 3453)
6(3457 3458 5115 7215 3259 3455)
6(3459 3460 5136 7236 3261 3457)
6(3461 3462 5157 7257 3263 3459)
6(3463 3464 5178 7278 3265 3461)
6(3465 3466 5199 7299 3267 3463)
6(3467 3468 5220 7320 3269 3465)
6(3469 3470 5241 7341 3271 3467)
6(3471 3472 5262 7362 3273 3469)
6(3473 3474 5283 7383 3275 3471)
6(3475 3476 5304 7404 3277 3473)
6(3477 3478 5325 7425 3279 3475)
6(3479 3480 5346 7446 3281 3477)
6(3481 3482 5367 7467 3283 3479)
6(3483 3484 5388 7488 3285 3481)
6(3485 3486 5409 7509 3287 3483)
6(3487 3488 5430 7530 3289 3485)
6(3489 3490 5451 7551 3291 3487)
6(3491 3492 5472 7572 3293 3489)
6(3493 3494 5493 7593 3295 3491)
6(3495 3496 5514 7614 3297 3493)
6(3497 3498 5535 7635 3299 3495)
6(3499 3500 5556 7656 3301 3497)
6(3501 3502 5577 7677 3303 3499)
6(3503 3504 5598 7698 3305 3501)
6(3505 3506 5619 7719 3307 3503)
6(3507 3508 5640 7740 3309 3505)
6(3509 3510 5661 7761 3311 3507)
6(3511 3512 5682 7782 3313 3509)
6(3513 3514 5703 7803 3315 3511)
6(3515 3516 5724 7824 3317 3513)
6(3517 3518 5745 7845 3319 3515)
6(3519 3520 5766 7866 3321 3517)
6(3521 3522 5787 7887 3323 3519)
6(3523 3524 5808 7908 3325 3521)
6(3525 3526 5829 7929 3327 3523)
6(3527 3528 5850 7950 3329 3525)
6(3529 3530 5871 7971 3331 3527)
6(3531 3532 5892 7992 3333 3529)
6(3533 3534 5913 8013 3335 3531)
6(3535 3536 5934 8034 3337 3533)
6(3537 3538 5955 8055 3339 3535)
6(3539 3540 5976 8076 3341 3537)
6(3541 3542 5997 8097 3343 3539)
6(3543 3544 6018 8118 3345 3541)
6(3545 3546 6039 8139 3347 3543)
6(3547 3548 6060 8160 3349 3545)
6(3549 3550 6081 8181 3351 3547)
6(3551 3552 6102 8202 3353 3549)
6(3553 3554 6123 8223 3355 3551)
6(3555 3556 6144 8244 3357 3553)
6(3557 3558 6165 8265 3359 3555)
6(3559 3560 6186 8286 3361 3557)
6(3561 3562 6207 8307 3363 3559)
6(3563 3564 6228 8328 3365 3561)
6(3565 3566 6249 8349 3367 3563)
6(3567 3568 6270 8370 3369 3565)
6(3569 3570 6291 8391 3371 3567)
6(3571 3572 6312 8412 3373 3569)
6(3573 3574 6333 8433 3375 3571)
6(3575 3576 6354 8454 3377 3573)
6(3577 3578 6375 8475 3379 3575)
6(3579 3580 6396 8496 3381 3577)
6(3581 4117 6417 8517 3382 3579)
6(3582 3583 4097 4339 6439 3384)
6(3584 3585 4360 6460 3386 3582)
6(3586 3587 4381 6481 3388 3584)
6(3588 3589 4402 6502 3390 3586)
6(3590 3591 4423 6523 3392 3588)
6(3592 3593 4444 6544 3394 3590)
6(3594 3595 4465 6565 3396 3592)
6(3596 3597 4486 6586 3398 3594)
6(3598 3599 4507 6607 3400 3596)
6(3600 3601 4528 6628 3402 3598)
6(3602 3603 4549 6649 3404 3600)
6(3604 3605 4570 6670 3406 3602)
6(3606 3607 4591 6691 3408 3604)
6(3608 3609 4612 6712 3410 3606)
6(3610 3611 4633 6733 3412 3608)
6(3612 3613 4654 6754 3414 3610)
6(3614 3615 4675 6775 3416 3612)
6(3616 3617 4696 6796 3418 3614)
6(3618 3619 4717 6817 3420 3616)
6(3620 3621 4738 6838 3422 3618)
6(3622 3623 4759 6859 3424 3620)
6(3624 3625 4780 6880 3426 3622)
6(3626 3627 4801 6901 3428 3624)
6(3628 3629 4822 6922 3430 3626)
6(3630 3631 4843 6943 3432 3628)
6(3632 3633 4864 6964 3434 3630)
6(3634 3635 4885 6985 3436 3632)
6(3636 3637 4906 7006 3438 3634)
6(3638 3639 4927 7027 3440 3636)
6(3640 3641 4948 7048 3442 3638)
6(3642 3643 4969 7069 3444 3640)
6(3644 3645 4990 7090 3446 3642)
6(3646 3647 5011 7111 3448 3644)
6(3648 3649 5032 7132 3450 3646)
6(3650 3651 5053 7153 3452 3648)
6(3652 3653 5074 7174 3454 3650)
6(3654 3655 5095 7195 3456 3652)
6(3656 3657 5116 7216 3458 3654)
6(3658 3659 5137 7237 3460 3656)
6(3660 3661 5158 7258 3462 3658)
6(3662 3663 5179 7279 3464 3660)
6(3664 3665 5200 7300 3466 3662)
6(3666 3667 5221 7321 3468 3664)
6(3668 3669 5242 7342 3470 3666)
6(3670 3671 5263 7363 3472 3668)
6(3672 3673 5284 7384 3474 3670)
6(3674 3675 5305 7405 3476 3672)
6(3676 3677 5326 7426 3478 3674)
6(3678 3679 5347 7447 3480 3676)
6(3680 3681 5368 7468 3482 3678)
6(3682 3683 5389 7489 3484 3680)
6(3684 3685 5410 7510 3486 3682)
6(3686 3687 5431 7531 3488 3684)
6(3688 3689 5452 7552 3490 3686)
6(3690 3691 5473 7573 3492 3688)
6(3692 3693 5494 7594 3494 3690)
6(3694 3695 5515 7615 3496 3692)
6(3696 3697 5536 7636 3498 3694)
6(3698 3699 5557 7657 3500 3696)
6(3700 3701 5578 7678 3502 3698)
6(3702 3703 5599 7699 3504 3700)
6(3704 3705 5620 7720 3506 3702)
6(3706 3707 5641 7741 3508 3704)
6(3708 3709 5662 7762 3510 3706)
6(3710 3711 5683 7783 3512 3708)
6(3712 3713 5704 7804 3514 3710)
6(3714 3715 5725 7825 3516 3712)
6(3716 3717 5746 7846 3518 3714)
6(3718 3719 5767 7867 3520 3716)
6(3720 3721 5788 7888 3522 3718)
6(3722 3723 5809 7909 3524 3720)
6(3724 3725 5830 7930 3526 3722)
6(3726 3727 5851 7951 3528 3724)
6(3728 3729 5872 7972 3530 3726)
6(3730 3731 5893 7993 3532 3728)
6(3732 3733 5914 8014 3534 3730)
6(3734 3735 5935 8035 3536 3732)
6(3736 3737 5956 8056 3538 3734)
6(3738 3739 5977 8077 3540 3736)
6(3740 3741 5998 8098 3542 3738)
6(3742 3743 6019 8119 3544 3740)
6(3744 3745 6040 8140 3546 3742)
6(3746 3747 6061 8161 3548 3744)
6(3748 3749 6082 8182 3550 3746)
6(3750 3751 6103 8203 3552 3748)
6(3752 3753 6124 8224 3554 3750)
6(3754 3755 6145 8245 3556 3752)
6(3756 3757 6166 8266 3558 3754)
6(3758 3759 6187 8287 3560 3756)
6(3760 3761 6208 8308 3562 3758)
6(3762 3763 6229 8329 3564 3760)
6(3764 3765 6250 8350 3566 3762)
6(3766 3767 6271 8371 3568 3764)
6(3768 3769 6292 8392 3570 3766)
6(3770 3771 6313 8413 3572 3768)
6(3772 3773 6334 8434 3574 3770)
6(3774 3775 6355 8455 3576 3772)
6(3776 3777 6376 8476 3578 3774)
6(3778 3779 6397 8497 3580 3776)
6(3780 4118 6418 8518 3581 3778)
6(3781 3782 4098 4340 6440 3583)
6(3783 3784 4361 6461 3585 3781)
6(3785 3786 4382 6482 3587 3783)
6(3787 3788 4403 6503 3589 3785)
6(3789 3790 4424 6524 3591 3787)
6(3791 3792 4445 6545 3593 3789)
6(3793 3794 4466 6566 3595 3791)
6(3795 3796 4487 6587 3597 3793)
6(3797 3798 4508 6608 3599 3795)
6(3799 3800 4529 6629 3601 3797)
6(3801 3802 4550 6650 3603 3799)
6(3803 3804 4571 6671 3605 3801)
6(3805 3806 4592 6692 3607 3803)
6(3807 3808 4613 6713 3609 3805)
6(3809 3810 4634 6734 3611 3807)
6(3811 3812 4655 6755 3613 3809)
6(3813 3814 4676 6776 3615 3811)
6(3815 3816 4697 6797 3617 3813)
6(3817 3818 4718 6818 3619 3815)
6(3819 3820 4739 6839 3621 3817)
6(3821 3822 4760 6860 3623 3819)
6(3823 3824 4781 6881 3625 3821)
6(3825 3826 4802 6902 3627 3823)
6(3827 3828 4823 6923 3629 3825)
6(3829 3830 4844 6944 3631 3827)
6(3831 3832 4865 6965 3633 3829)
6(3833 3834 4886 6986 3635 3831)
6(3835 3836 4907 7007 3637 3833)
6(3837 3838 4928 7028 3639 3835)
6(3839 3840 4949 7049 3641 3837)
6(3841 3842 4970 7070 3643 3839)
6(3843 3844 4991 7091 3645 3841)
6(3845 3846 5012 7112 3647 3843)
6(3847 3848 5033 7133 3649 3845)
6(3849 3850 5054 7154 3651 3847)
6(3851 3852 5075 7175 3653 3849)
6(3853 3854 5096 7196 3655 3851)
6(3855 3856 5117 7217 3657 3853)
6(3857 3858 5138 7238 3659 3855)
6(3859 3860 5159 7259 3661 3857)
6(3861 3862 5180 7280 3663 3859)
6(3863 3864 5201 7301 3665 3861)
6(3865 3866 5222 7322 3667 3863)
6(3867 3868 5243 7343 3669 3865)
6(3869 3870 5264 7364 3671 3867)
6(3871 3872 5285 7385 3673 3869)
6(3873 3874 5306 7406 3675 3871)
6(3875 3876 5327 7427 3677 3873)
6(3877 3878 5348 7448 3679 3875)
6(3879 3880 5369 7469 3681 3877)
6(3881 3882 5390 7490 3683 3879)
6(3883 3884 5411 7511 3685 3881)
6(3885 3886 5432 7532 3687 3883)
6(3887 3888 5453 7553 3689 3885)
6(3889 3890 5474 7574 3691 3887)
6(3891 3892 5495 7595 3693 3889)
6(3893 3894 5516 7616 3695 3891)
6(3895 3896 5537 7637 3697 3893)
6(3897 3898 5558 7658 3699 3895)
6(3899 3900 5579 7679 3701 3897)
6(3901 3902 5600 7700 3703 3899)
6(3903 3904 5621 7721 3705 3901)
6(3905 3906 5642 7742 3707 3903)
6(3907 3908 5663 7763 3709 3905)
6(3909 3910 5684 7784 3711 3907)
6(3911 3912 5705 7805 3713 3909)
6(3913 3914 5726 7826 3715 3911)
6(3915 3916 5747 7847 3717 3913)
6(3917 3918 5768 7868 3719 3915)
6(3919 3920 5789 7889 3721 3917)
6(3921 3922 5810 7910 3723 3919)
6(3923 3924 5831 7931 3725 3921)
6(3925 3926 5852 7952 3727 3923)
6(3927 3928 5873 7973 3729 3925)
6(3929 3930 5894 7994 3731 3927)
6(3931 3932 5915 8015 3733 3929)
6(3933 3934 5936 8036 3735 3931)
6(3935 3936 5957 8057 3737 3933)
6(3937 3938 5978 8078 3739 3935)
6(3939 3940 5999 8099 3741 3937)
6(3941 3942 6020 8120 3743 3939)
6(3943 3944 6041 8141 3745 3941)
6(3945 3946 6062 8162 3747 3943)
6(3947 3948 6083 8183 3749 3945)
6(3949 3950 6104 8204 3751 3947)
6(3951 3952 6125 8225 3753 3949)
6(3953 3954 6146 8246 3755 3951)
6(3955 3956 6167 8267 3757 3953)
6(3957 3958 6188 8288 3759 3955)
6(3959 3960 6209 8309 3761 3957)
6(3961 3962 6230 8330 3763 3959)
6(3963 3964 6251 8351 3765 3961)
6(3965 3966 6272 8372 3767 3963)
6(3967 3968 6293 8393 3769 3965)
6(3969 3970 6314 8414 3771 3967)
6(3971 3972 6335 8435 3773 3969)
6(3973 3974 6356 8456 3775 3971)
6(3975 3976 6377 8477 3777 3973)
6(3977 3978 6398 8498 3779 3975)
6(3979 4119 6419 8519 3780 3977)
6(3980 4099 4221 4341 6441 3782)
6(3981 4222 4362 6462 3784 3980)
6(3982 4223 4383 6483 3786 3981)
6(3983 4224 4404 6504 3788 3982)
6(3984 4225 4425 6525 3790 3983)
6(3985 4226 4446 6546 3792 3984)
6(3986 4227 4467 6567 3794 3985)
6(3987 4228 4488 6588 3796 3986)
6(3988 4229 4509 6609 3798 3987)
6(3989 4230 4530 6630 3800 3988)
6(3990 4231 4551 6651 3802 3989)
6(3991 4232 4572 6672 3804 3990)
6(3992 4233 4593 6693 3806 3991)
6(3993 4234 4614 6714 3808 3992)
6(3994 4235 4635 6735 3810 3993)
6(3995 4236 4656 6756 3812 3994)
6(3996 4237 4677 6777 3814 3995)
6(3997 4238 4698 6798 3816 3996)
6(3998 4239 4719 6819 3818 3997)
6(3999 4240 4740 6840 3820 3998)
6(4000 4241 4761 6861 3822 3999)
6(4001 4242 4782 6882 3824 4000)
6(4002 4243 4803 6903 3826 4001)
6(4003 4244 4824 6924 3828 4002)
6(4004 4245 4845 6945 3830 4003)
6(4005 4246 4866 6966 3832 4004)
6(4006 4247 4887 6987 3834 4005)
6(4007 4248 4908 7008 3836 4006)
6(4008 4249 4929 7029 3838 4007)
6(4009 4250 4950 7050 3840 4008)
6(4010 4251 4971 7071 3842 4009)
6(4011 4252 4992 7092 3844 4010)
6(4012 4253 5013 7113 3846 4011)
6(4013 4254 5034 7134 3848 4012)
6(4014 4255 5055 7155 3850 4013)
6(4015 4256 5076 7176 3852 4014)
6(4016 4257 5097 7197 3854 4015)
6(4017 4258 5118 7218 3856 4016)
6(4018 4259 5139 7239 3858 4017)
6(4019 4260 5160 7260 3860 4018)
6(4020 4261 5181 7281 3862 4019)
6(4021 4262 5202 7302 3864 4020)
6(4022 4263 5223 7323 3866 4021)
6(4023 4264 5244 7344 3868 4022)
6(4024 4265 5265 7365 3870 4023)
6(4025 4266 5286 7386 3872 4024)
6(4026 4267 5307 7407 3874 4025)
6(4027 4268 5328 7428 3876 4026)
6(4028 4269 5349 7449 3878 4027)
6(4029 4270 5370 7470 3880 4028)
6(4030 4271 5391 7491 3882 4029)
6(4031 4272 5412 7512 3884 4030)
6(4032 4273 5433 7533 3886 4031)
6(4033 4274 5454 7554 3888 4032)
6(4034 4275 5475 7575 3890 4033)
6(4035 4276 5496 7596 3892 4034)
6(4036 4277 5517 7617 3894 4035)
6(4037 4278 5538 7638 3896 4036)
6(4038 4279 5559 7659 3898 4037)
6(4039 4280 5580 7680 3900 4038)
6(4040 4281 5601 7701 3902 4039)
6(4041 4282 5622 7722 3904 4040)
6(4042 4283 5643 7743 3906 4041)
6(4043 4284 5664 7764 3908 4042)
6(4044 4285 5685 7785 3910 4043)
6(4045 4286 5706 7806 3912 4044)
6(4046 4287 5727 7827 3914 4045)
6(4047 4288 5748 7848 3916 4046)
6(4048 4289 5769 7869 3918 4047)
6(4049 4290 5790 7890 3920 4048)
6(4050 4291 5811 7911 3922 4049)
6(4051 4292 5832 7932 3924 4050)
6(4052 4293 5853 7953 3926 4051)
6(4053 4294 5874 7974 3928 4052)
6(4054 4295 5895 7995 3930 4053)
6(4055 4296 5916 8016 3932 4054)
6(4056 4297 5937 8037 3934 4055)
6(4057 4298 5958 8058 3936 4056)
6(4058 4299 5979 8079 3938 4057)
6(4059 4300 6000 8100 3940 4058)
6(4060 4301 6021 8121 3942 4059)
6(4061 4302 6042 8142 3944 4060)
6(4062 4303 6063 8163 3946 4061)
6(4063 4304 6084 8184 3948 4062)
6(4064 4305 6105 8205 3950 4063)
6(4065 4306 6126 8226 3952 4064)
6(4066 4307 6147 8247 3954 4065)
6(4067 4308 6168 8268 3956 4066)
6(4068 4309 6189 8289 3958 4067)
6(4069 4310 6210 8310 3960 4068)
6(4070 4311 6231 8331 3962 4069)
6(4071 4312 6252 8352 3964 4070)
6(4072 4313 6273 8373 3966 4071)
6(4073 4314 6294 8394 3968 4072)
6(4074 4315 6315 8415 3970 4073)
6(4075 4316 6336 8436 3972 4074)
6(4076 4317 6357 8457 3974 4075)
6(4077 4318 6378 8478 3976 4076)
6(4078 4319 6399 8499 3978 4077)
6(4120 4320 6420 8520 3979 4078)
)